nWalls:16
wall index:0
-1.875553, -0.4293787, 1.265702
0, 333.7035, 0
0.6245816, 2, 0.2
wall index:1
0.8262793, -0.4293787, 2.316664
0, 92.22559, 0
3.605494, 2, 0.2
wall index:2
0.7785091, -0.4293787, -2.483523
0, 96.97836, 0
0.8142998, 2, 0.2
wall index:3
-6.977749, -0.4293787, -1.705242
0, 4.465035, 0
1.354641, 2, 0.2
wall index:4
-2.598134, -0.4293787, -2.001557
0, 0.9494363, 0
0.5735849, 2, 0.2
wall index:5
-10.49121, -0.4293787, 2.239927
0, 94.43296, 0
1.939082, 2, 0.2
wall index:6
-10.47251, -0.4293787, 2.570696
0, 322.0869, 0
2.078912, 2, 0.2
wall index:7
-8.565216, -0.4293787, 3.971696
0, 60.64968, 0
1.984105, 2, 0.2
wall index:8
-8.77533, -0.4293787, 2.10147
0, 3.802156, 0
1.583468, 2, 0.2
wall index:9
-10.12348, -0.4293787, 2.808368
0, 353.2302, 0
3.355794, 2, 0.2
wall index:10
-6.984756, -0.4293787, 3.590507
0, 90.09325, 0
4.330916, 2, 0.2
wall index:11
-9.05421, -0.4293787, 0.9161586
0, 89.87282, 0
4.219001, 2, 0.2
wall index:12
-5.781468, -0.4293787, 0.02675223
0, 86.32468, 0
2.021942, 2, 0.2
wall index:13
-5.820553, -0.4293787, -0.2415573
0, 357.2668, 0
3.518095, 2, 0.2
wall index:14
-11.47349, -0.4293787, -3.054307
0, 3.686862, 0
10.40536, 2, 0.2
wall index:15
-2.449416, -0.4293787, -0.1332714
0, 90.87335, 0
1.982721, 2, 0.2
