2
object box count:0
-4.804967, 0.958698, -0.3972377
-5.435708, 0.958698, -0.3086104
-5.435708, 1.445065, -0.3086104
-4.804967, 1.445065, -0.3972377
-4.963763, 0.84626, -1.527354
-5.594504, 0.84626, -1.438726
-5.594504, 1.332627, -1.438726
-4.963763, 1.332627, -1.527354
object box count:1
-2.550995, 1.067077, -1.326242
-3.214536, 1.067077, -1.304125
-3.214536, 1.507342, -1.304125
-2.550995, 1.507342, -1.326242
-2.564421, 1.071248, -1.729031
-3.227962, 1.071248, -1.706914
-3.227962, 1.511513, -1.706914
-2.564421, 1.511513, -1.729031
