14
quad count:0
-2.467063, -0.4050844, -0.168084
-2.490165, -0.4050844, -2.116419
-2.490165, 1.594916, -2.116419
-2.467063, 1.594916, -0.168084
quad count:1
-9.407852, -0.4050844, -3.562994
-1.155889, -0.4050844, -3.838054
-1.155889, 1.594916, -3.838054
-9.407852, 1.594916, -3.562994
quad count:2
-5.632929, -0.4050844, -0.1309291
-2.311725, -0.4050844, -0.1170091
-2.311725, 1.594916, -0.1170091
-5.632929, 1.594916, -0.1309291
quad count:3
-5.614272, -0.4050844, 0.02289689
-5.634931, -0.4050844, -1.935411
-5.634931, 1.594916, -1.935411
-5.614272, 1.594916, 0.02289689
quad count:4
-7.67205, -0.4050844, -1.722872
-5.638002, -0.4050844, -1.856088
-5.638002, 1.594916, -1.856088
-7.67205, 1.594916, -1.722872
quad count:5
-9.084257, -0.4050844, 0.9160418
-9.058906, -0.4050844, -3.289781
-9.058906, 1.594916, -3.289781
-9.084257, 1.594916, 0.9160418
quad count:6
-6.971357, -0.4050844, 3.467013
-7.00514, -0.4050844, -0.7904983
-7.00514, 1.594916, -0.7904983
-6.971357, 1.594916, 3.467013
quad count:7
-10.28144, -0.4050844, 2.926643
-6.983287, -0.4050844, 2.483438
-6.983287, 1.594916, 2.483438
-10.28144, 1.594916, 2.926643
quad count:8
-7.992628, -0.4050844, 3.857292
-7.433707, -0.4050844, 2.326961
-7.433707, 1.594916, 2.326961
-7.992628, 1.594916, 3.857292
quad count:9
-9.656363, -0.4050844, 3.675859
-11.07037, -0.4050844, 0.8482345
-11.07037, 1.594916, 0.8482345
-9.656363, 1.594916, 3.675859
quad count:10
-2.599663, -0.4050844, -1.983352
-2.024191, -0.4050844, -1.98473
-2.024191, 1.594916, -1.98473
-2.599663, 1.594916, -1.983352
quad count:11
0.7657129, -0.4050844, -2.482229
0.6744594, -0.4050844, -3.291374
0.6744594, 1.594916, -3.291374
0.7657129, 1.594916, -2.482229
quad count:12
0.8299676, -0.4050844, 2.316627
0.6652846, -0.4050844, -1.284382
0.6652846, 1.594916, -1.284382
0.8299676, 1.594916, 2.316627
quad count:13
-1.875553, -0.4050844, 1.265702
-1.315607, -0.4050844, 1.542402
-1.315607, 1.594916, 1.542402
-1.875553, 1.594916, 1.265702
