pose total count:431
pose count:0
-1, 1, 1
0, -0.6427876, 0, 0.7660444
pose count:1
-0.2708592, 0.5783513, -0.1415755
-0.01667836, -0.7160735, 0, 0.6978256
pose count:2
-0.269768, 0.5760253, -0.143169
-0.01958297, -0.7227141, 0, 0.6908696
pose count:3
-0.2686822, 0.5745181, -0.1428092
-0.01982562, -0.728743, 0, 0.6845003
pose count:4
-0.2688752, 0.5719389, -0.1406322
-0.02120064, -0.7333736, 0, 0.6794952
pose count:5
-0.2681809, 0.5662307, -0.1373211
-0.02090929, -0.7399527, 0, 0.6723339
pose count:6
-0.2687141, 0.5659454, -0.134799
-0.02318018, -0.7413201, 0, 0.6707512
pose count:7
-0.268252, 0.5668885, -0.1327129
-0.02291916, -0.7417219, 0, 0.6703159
pose count:8
-0.2645891, 0.5683716, -0.1361804
-0.01999615, -0.7459294, 0, 0.6657248
pose count:9
-0.2586946, 0.569185, -0.1484849
-0.02100501, -0.7542373, 0, 0.656266
pose count:10
-0.2530627, 0.5693156, -0.1667275
-0.0166229, -0.7648252, 0, 0.6440234
pose count:11
-0.2456462, 0.5679147, -0.1912368
-0.01040968, -0.7776718, 0, 0.6285844
pose count:12
-0.2370747, 0.5653654, -0.2243762
-0.009204221, -0.7919697, 0, 0.6104911
pose count:13
-0.2294237, 0.5636443, -0.2632271
-0.009376038, -0.8056678, 0, 0.5922934
pose count:14
-0.2238528, 0.5622278, -0.3071735
-0.009939222, -0.8170866, 0, 0.5764293
pose count:15
-0.2192155, 0.5613641, -0.3540419
-0.009365945, -0.826343, 0, 0.5630894
pose count:16
-0.2157575, 0.5629492, -0.4013034
-0.008025703, -0.8334191, 0, 0.5525833
pose count:17
-0.2131041, 0.5686891, -0.4467925
-0.00400455, -0.8382128, 0, 0.5453287
pose count:18
-0.2094845, 0.5769982, -0.4895029
0.002401436, -0.8434866, 0, 0.5371449
pose count:19
-0.2002055, 0.5826895, -0.5636858
-0.009925842, -0.8616174, 0, 0.5074612
pose count:20
-0.2018143, 0.5789853, -0.5986176
0.02029553, 0.8725517, 0, -0.4881
pose count:21
-0.2097909, 0.5740993, -0.6342975
0.02125159, 0.8840743, 0, -0.4668631
pose count:22
-0.2213904, 0.5732622, -0.6716212
0.01634788, 0.8969741, 0, -0.4417807
pose count:23
-0.2381228, 0.5767304, -0.7084681
0.0202362, 0.9101807, 0, -0.4137167
pose count:24
-0.2591248, 0.586727, -0.7408292
0.0415751, 0.9199011, 0, -0.3899404
pose count:25
-0.2787356, 0.5973136, -0.7690783
0.06611735, 0.9255337, 0, -0.3728485
pose count:26
-0.2980056, 0.5996656, -0.7983922
0.06504071, 0.9288068, 0, -0.3648117
pose count:27
-0.3165338, 0.5968262, -0.830972
0.07002959, 0.9302613, 0, -0.3601524
pose count:28
-0.3340725, 0.592251, -0.8690302
0.08032388, 0.9285009, 0, -0.3625387
pose count:29
-0.3510669, 0.586939, -0.9144017
0.07591525, 0.9257668, 0, -0.3703955
pose count:30
-0.3666879, 0.5845036, -0.9676737
0.0762922, 0.9197989, 0, -0.3849022
pose count:31
-0.3804425, 0.5872688, -1.030714
0.06665033, 0.9132261, 0, -0.401965
pose count:32
-0.3901207, 0.5949664, -1.089556
0.05130386, 0.9071848, 0, -0.4175928
pose count:33
-0.4002822, 0.6004207, -1.143666
0.03211874, 0.9033068, 0, -0.427791
pose count:34
-0.4123046, 0.6029549, -1.192337
0.03228904, 0.9013245, 0, -0.4319393
pose count:35
-0.4276565, 0.6026419, -1.240043
0.04322078, 0.900114, 0, -0.4335053
pose count:36
-0.4509545, 0.596669, -1.289166
0.04305245, 0.9000747, 0, -0.4336036
pose count:37
-0.4807801, 0.5906765, -1.3442
0.03968276, 0.9020913, 0, -0.4297169
pose count:38
-0.5198561, 0.5878288, -1.401851
0.0335118, 0.9035516, 0, -0.4271669
pose count:39
-0.5642854, 0.5965497, -1.460418
0.03070515, 0.9046113, 0, -0.4251301
pose count:40
-0.6037473, 0.6134114, -1.513341
0.05328521, 0.9033518, 0, -0.4255776
pose count:41
-0.6413317, 0.620957, -1.561754
0.05061223, 0.9009364, 0, -0.4309898
pose count:42
-0.6773318, 0.6187093, -1.610134
0.05255303, 0.8982316, 0, -0.4363693
pose count:43
-0.7113314, 0.6084537, -1.662424
0.06111694, 0.893873, 0, -0.4441348
pose count:44
-0.7453263, 0.5957316, -1.717894
0.06155485, 0.8882844, 0, -0.4551503
pose count:45
-0.7790489, 0.5881708, -1.780148
0.06351139, 0.8805888, 0, -0.4696058
pose count:46
-0.8154937, 0.5876849, -1.847235
0.05191701, 0.8726256, 0, -0.4856225
pose count:47
-0.8475732, 0.5979701, -1.905042
-0.03773836, -0.8633349, 0, 0.5032184
pose count:48
-0.8795523, 0.602089, -1.955481
-0.02074848, -0.856834, 0, 0.5151747
pose count:49
-0.9125546, 0.5972193, -2.000887
-0.03055277, -0.8518916, 0, 0.5228263
pose count:50
-0.9501755, 0.5898694, -2.045334
-0.03491947, -0.8488507, 0, 0.527478
pose count:51
-0.9920089, 0.5822713, -2.091531
-0.02873719, -0.8491234, 0, 0.5274122
pose count:52
-1.039442, 0.5767787, -2.139198
-0.02356767, -0.8525756, 0, 0.5220723
pose count:53
-1.09601, 0.5756589, -2.185026
-0.01428499, -0.8551939, 0, 0.5181113
pose count:54
-1.14953, 0.5864983, -2.224845
-0.02651926, -0.8562106, 0, 0.5159458
pose count:55
-1.198889, 0.5935555, -2.257756
-0.03976421, -0.8524211, 0, 0.5213417
pose count:56
-1.243946, 0.595736, -2.288735
-0.03378282, -0.8479926, 0, 0.5289304
pose count:57
-1.287922, 0.589646, -2.327401
-0.04040728, -0.8426451, 0, 0.5369511
pose count:58
-1.327953, 0.5797439, -2.360263
-0.03544323, -0.8345646, 0, 0.5497687
pose count:59
-1.368168, 0.56972, -2.398417
-0.02694413, -0.8223393, 0, 0.5683592
pose count:60
-1.408538, 0.569501, -2.444145
-0.02052263, -0.8056681, 0, 0.5920117
pose count:61
-1.44593, 0.5734881, -2.494527
-0.005806244, -0.787253, 0, 0.6166028
pose count:62
-1.468109, 0.584349, -2.531963
0.007182578, -0.7687374, 0, 0.6395242
pose count:63
-1.478884, 0.58798, -2.554461
0.01533651, -0.7522426, 0, 0.6587078
pose count:64
-1.500412, 0.5849742, -2.582325
0.007270952, -0.7413202, 0, 0.6711122
pose count:65
-1.534006, 0.5824738, -2.611321
-0.001810495, -0.7309768, 0, 0.6823999
pose count:66
-1.581337, 0.5782554, -2.638934
0.0004531068, -0.7203326, 0, 0.6936287
pose count:67
-1.631351, 0.576686, -2.666528
0.00578294, -0.7133837, 0, 0.7007498
pose count:68
-1.68353, 0.575987, -2.687759
0.01315076, -0.7049244, 0, 0.7091606
pose count:69
-1.733709, 0.5803294, -2.703879
0.0109879, -0.6940271, 0, 0.719865
pose count:70
-1.77346, 0.5902232, -2.713614
0.006864146, -0.6819293, 0, 0.7313859
pose count:71
-1.804011, 0.5960606, -2.71671
0.005861125, -0.6635229, 0, 0.7481331
pose count:72
-1.833714, 0.598206, -2.72285
0.0006117622, -0.6433576, 0, 0.7655656
pose count:73
-1.860422, 0.5984225, -2.730069
-0.002664014, -0.6176968, 0, 0.7864119
pose count:74
-1.887508, 0.5964503, -2.740405
-0.004579283, -0.5865937, 0, 0.8098684
pose count:75
-1.908712, 0.5978705, -2.757403
-0.005235072, -0.5507665, 0, 0.8346429
pose count:76
-1.922341, 0.6011443, -2.776132
0.005693557, -0.5098044, 0, 0.8602715
pose count:77
-1.930645, 0.606024, -2.796635
0.007805755, -0.4685479, 0, 0.8834036
pose count:78
-1.932686, 0.6032819, -2.809564
-0.001060544, -0.426948, 0, 0.9042756
pose count:79
-1.927097, 0.6005853, -2.81837
-0.002868181, -0.3966898, 0, 0.9179483
pose count:80
-1.923994, 0.6004317, -2.830017
-0.01344998, -0.3774285, 0, 0.9259411
pose count:81
-1.915671, 0.6028963, -2.840955
-0.02202166, -0.3661231, 0, 0.9303058
pose count:82
-1.900201, 0.606382, -2.848215
-0.02478427, -0.3562799, 0, 0.9340505
pose count:83
-1.878364, 0.610435, -2.855097
-0.0231336, -0.3482282, 0, 0.9371243
pose count:84
-1.849876, 0.6131895, -2.863792
-0.02292401, -0.3398736, 0, 0.9401917
pose count:85
-1.822787, 0.6120711, -2.875588
-0.02336083, -0.3356125, 0, 0.9417104
pose count:86
-1.799763, 0.6052313, -2.889413
-0.02590098, -0.3362053, 0, 0.9414325
pose count:87
-1.784515, 0.6012809, -2.903851
-0.02653286, -0.3366755, 0, 0.9412469
pose count:88
-1.777387, 0.6014587, -2.913599
-0.02457265, -0.3332045, 0, 0.9425343
pose count:89
-1.777451, 0.607158, -2.922707
-0.02646134, -0.326089, 0, 0.9449687
pose count:90
-1.785582, 0.6105231, -2.935898
-0.03170438, -0.316765, 0, 0.947974
pose count:91
-1.803984, 0.6089252, -2.951472
-0.03182827, -0.3061524, 0, 0.9514503
pose count:92
-1.827307, 0.6095746, -2.974527
-0.03190984, -0.2906707, 0, 0.9562909
pose count:93
-1.854189, 0.6104624, -2.999854
-0.02997658, -0.2701987, 0, 0.9623378
pose count:94
-1.882019, 0.612343, -3.029654
-0.02571329, -0.2556978, 0, 0.9664147
pose count:95
-1.91178, 0.6118127, -3.053928
-0.02032502, -0.2479567, 0, 0.9685579
pose count:96
-1.944898, 0.6123824, -3.073894
-0.02409728, -0.2470322, 0, 0.9687076
pose count:97
-1.982493, 0.6155174, -3.084413
-0.02894546, -0.2495281, 0, 0.9679348
pose count:98
-2.021641, 0.6137298, -3.084515
-0.02779021, -0.2500736, 0, 0.9678279
pose count:99
-2.06824, 0.6080056, -3.073456
-0.02476836, -0.2506016, 0, 0.9677734
pose count:100
-2.114825, 0.6081821, -3.057016
-0.01860865, -0.2467401, 0, 0.968903
pose count:101
-2.159463, 0.6120152, -3.032521
-0.00923855, -0.2387294, 0, 0.9710422
pose count:102
-2.200956, 0.6198502, -3.006961
-0.00675581, -0.2278654, 0, 0.9736692
pose count:103
-2.236423, 0.6324145, -2.986909
-0.01024478, -0.2172841, 0, 0.9760547
pose count:104
-2.265755, 0.6391146, -2.971809
-0.0119431, -0.2043401, 0, 0.9788271
pose count:105
-2.29614, 0.6406482, -2.957902
-0.01650142, -0.19098, 0, 0.9814553
pose count:106
-2.328621, 0.6357424, -2.947211
-0.02130851, -0.1751294, 0, 0.9843148
pose count:107
-2.367739, 0.6275319, -2.943449
-0.02580478, -0.1572637, 0, 0.9872195
pose count:108
-2.414337, 0.623664, -2.948378
-0.02702251, -0.1361741, 0, 0.9903163
pose count:109
-2.46533, 0.6236794, -2.961103
-0.0203396, -0.1168163, 0, 0.9929453
pose count:110
-2.51529, 0.6262023, -2.978806
-0.01667248, -0.1033246, 0, 0.994508
pose count:111
-2.558089, 0.6246074, -2.989769
-0.01157101, -0.08902361, 0, 0.9959623
pose count:112
-2.593563, 0.6203996, -2.993772
-0.0107531, -0.0811943, 0, 0.9966403
pose count:113
-2.624673, 0.6224154, -2.988909
-0.0135714, -0.0712731, 0, 0.9973645
pose count:114
-2.651419, 0.6260388, -2.973005
-0.01269174, -0.05775268, 0, 0.9982503
pose count:115
-2.679548, 0.6229607, -2.950227
-0.01409676, -0.04693374, 0, 0.9987985
pose count:116
-2.708941, 0.6183144, -2.922343
-0.01015795, -0.03868343, 0, 0.9991999
pose count:117
-2.738323, 0.6192161, -2.890544
-0.002198361, -0.02854538, 0, 0.9995901
pose count:118
-2.766299, 0.6254198, -2.857831
0.0009380471, -0.0180388, 0, 0.9998369
pose count:119
-2.793345, 0.6382818, -2.832378
-0.005044305, -0.01091652, 0, 0.9999277
pose count:120
-2.81484, 0.6488658, -2.81353
-0.01134415, -0.002066931, 0, 0.9999335
pose count:121
-2.838299, 0.6569324, -2.797804
-0.01643162, 0.007878775, 0, 0.999834
pose count:122
-2.86453, 0.6662332, -2.786977
-0.02258454, 0.0192575, 0, 0.9995595
pose count:123
-2.893178, 0.6688732, -2.775043
-0.02780305, 0.03716652, 0, 0.9989223
pose count:124
-2.92661, 0.6708974, -2.766428
-0.02964885, 0.06126094, 0, 0.9976814
pose count:125
-2.964868, 0.6820043, -2.762547
-0.02253561, 0.08427715, 0, 0.9961875
pose count:126
-3.004227, 0.6975805, -2.760421
-0.01730654, 0.09949242, 0, 0.9948878
pose count:127
-3.041331, 0.7051208, -2.757485
-0.01454877, 0.1126855, 0, 0.9935242
pose count:128
-3.074295, 0.7036992, -2.751153
-0.01492717, 0.1162156, 0, 0.9931118
pose count:129
-3.106241, 0.7016381, -2.742657
-0.02258287, 0.1119499, 0, 0.9934573
pose count:130
-3.135584, 0.7089719, -2.723535
-0.02293042, 0.1067902, 0, 0.9940171
pose count:131
-3.159246, 0.7127631, -2.701579
-0.01943655, 0.09981698, 0, 0.994816
pose count:132
-3.187044, 0.7100263, -2.67633
-0.01665419, 0.08068608, 0, 0.9966004
pose count:133
-3.225906, 0.7000859, -2.660397
-0.01647738, 0.0505209, 0, 0.9985871
pose count:134
-3.407932, 0.6808801, -2.56674
-0.03829571, -0.07221566, 0, 0.9966536
pose count:135
-3.489284, 0.6761123, -2.566337
-0.04295433, -0.07320672, 0, 0.9963914
pose count:136
-3.532131, 0.6744823, -2.582913
-0.03796022, -0.071575, 0, 0.9967126
pose count:137
-3.589001, 0.6739585, -2.594345
-0.03318306, -0.07623801, 0, 0.9965373
pose count:138
-3.693098, 0.6647877, -2.631022
-0.02534109, -0.09594221, 0, 0.9950643
pose count:139
-3.781842, 0.6544734, -2.656189
-0.03240199, -0.1340689, 0, 0.9904422
pose count:140
-3.896776, 0.6388963, -2.639931
-0.03896134, -0.184117, 0, 0.9821318
pose count:141
-3.963792, 0.6609345, -2.625604
-0.03241815, -0.2136382, 0, 0.9763749
pose count:142
-4.025214, 0.6795681, -2.633111
-0.03656323, -0.2542559, 0, 0.9664456
pose count:143
-4.122321, 0.6596923, -2.677099
-0.04645273, -0.3170377, 0, 0.9472746
pose count:144
-4.195896, 0.6549885, -2.726427
-0.0549413, -0.3499842, 0, 0.9351431
pose count:145
-4.260024, 0.6480259, -2.781638
-0.04572044, -0.3871445, 0, 0.9208848
pose count:146
-4.289505, 0.6418936, -2.812845
-0.04654388, -0.4139275, 0, 0.9091192
pose count:147
-4.318304, 0.6405377, -2.841089
-0.04906065, -0.44335, 0, 0.8950049
pose count:148
-4.347424, 0.6413892, -2.859697
-0.04961414, -0.4684795, 0, 0.8820801
pose count:149
-4.378085, 0.6395515, -2.864822
-0.05021967, -0.4875604, 0, 0.8716438
pose count:150
-4.413309, 0.6407799, -2.858992
-0.04841573, -0.5026391, 0, 0.8631396
pose count:151
-4.453145, 0.6470802, -2.849082
-0.04459571, -0.5162403, 0, 0.8552819
pose count:152
-4.497143, 0.6553212, -2.837644
-0.04260797, -0.5312396, 0, 0.8461496
pose count:153
-4.53351, 0.6702574, -2.82628
-0.04204749, -0.5451748, 0, 0.8372672
pose count:154
-4.568398, 0.6789697, -2.816319
-0.04668307, -0.5530913, 0, 0.8318117
pose count:155
-4.604984, 0.680851, -2.806292
-0.04112291, -0.5570192, 0, 0.8294809
pose count:156
-4.648645, 0.6795412, -2.802896
-0.04267479, -0.5603718, 0, 0.827141
pose count:157
-4.698829, 0.6738603, -2.803126
-0.04381861, -0.5579132, 0, 0.8287417
pose count:158
-4.754535, 0.6711061, -2.806859
-0.04596613, -0.550611, 0, 0.8334956
pose count:159
-4.819674, 0.6700231, -2.817643
-0.04858862, -0.5394243, 0, 0.8406311
pose count:160
-4.878177, 0.6791231, -2.82778
-0.04218668, -0.5285548, 0, 0.8478502
pose count:161
-4.92962, 0.6941538, -2.838537
-0.03737163, -0.5168005, 0, 0.8552898
pose count:162
-4.977383, 0.7029325, -2.844817
-0.03360638, -0.5111226, 0, 0.8588505
pose count:163
-5.0259, 0.7030557, -2.848185
-0.03893986, -0.5089256, 0, 0.8599293
pose count:164
-5.077521, 0.698867, -2.848201
-0.04088661, -0.5109828, 0, 0.858618
pose count:165
-5.135299, 0.6919742, -2.843195
-0.0393508, -0.5163693, 0, 0.8554614
pose count:166
-5.265748, 0.6962865, -2.815758
-0.03077005, -0.5364823, 0, 0.8433505
pose count:167
-5.329241, 0.7137645, -2.797921
-0.03454093, -0.5445387, 0, 0.8380242
pose count:168
-5.387779, 0.7285175, -2.779666
-0.03587121, -0.5454773, 0, 0.8373576
pose count:169
-5.501723, 0.7248162, -2.751864
-0.03909301, -0.5399241, 0, 0.8408054
pose count:170
-5.559185, 0.714968, -2.748228
-0.04250984, -0.5343564, 0, 0.8441897
pose count:171
-5.625014, 0.7075721, -2.750069
-0.04289161, -0.5291811, 0, 0.8474241
pose count:172
-5.763972, 0.717455, -2.766931
-0.03695455, -0.5143977, 0, 0.8567551
pose count:173
-5.823034, 0.7293723, -2.773979
-0.02884357, -0.5065688, 0, 0.861717
pose count:174
-5.93093, 0.7288266, -2.785867
-0.03625415, -0.5085403, 0, 0.8602746
pose count:175
-5.987056, 0.7225648, -2.787551
-0.03571757, -0.5129331, 0, 0.8576851
pose count:176
-6.04709, 0.7140259, -2.783879
-0.0356728, -0.5211756, 0, 0.8527036
pose count:177
-6.186406, 0.7172399, -2.762525
-0.02605174, -0.5356413, 0, 0.8440437
pose count:178
-6.245028, 0.7363274, -2.754204
-0.03482935, -0.539843, 0, 0.8410448
pose count:179
-6.302368, 0.7431464, -2.744427
-0.03278242, -0.5375884, 0, 0.8425699
pose count:180
-6.420117, 0.7304924, -2.733654
-0.03803027, -0.5257803, 0, 0.8497698
pose count:181
-6.487539, 0.7195563, -2.736101
-0.03626462, -0.5123802, 0, 0.8579926
pose count:182
-6.630276, 0.7186087, -2.758048
-0.03138018, -0.4826526, 0, 0.8752496
pose count:183
-6.689929, 0.7298449, -2.771847
-0.02756041, -0.4704253, 0, 0.8820093
pose count:184
-6.747813, 0.7334924, -2.780701
-0.0322802, -0.4644778, 0, 0.8849963
pose count:185
-6.802502, 0.733756, -2.786456
-0.035328, -0.461226, 0, 0.8865791
pose count:186
-6.863014, 0.7253762, -2.787146
-0.03638553, -0.4618286, 0, 0.8862226
pose count:187
-6.928851, 0.7183406, -2.785453
-0.03572503, -0.4671897, 0, 0.8834351
pose count:188
-7.065886, 0.724076, -2.759646
-0.02283911, -0.4685799, 0, 0.8831258
pose count:189
-7.119668, 0.7436463, -2.737664
-0.02501581, -0.4592168, 0, 0.8879719
pose count:190
-7.169785, 0.7532564, -2.710724
-0.02386921, -0.440875, 0, 0.8972511
pose count:191
-7.219677, 0.7539678, -2.683788
-0.02685282, -0.4201707, 0, 0.9070477
pose count:192
-7.274762, 0.7457486, -2.656057
-0.02911527, -0.3921471, 0, 0.9194417
pose count:193
-7.330297, 0.737111, -2.627198
-0.02626095, -0.3549397, 0, 0.9345203
pose count:194
-7.385708, 0.7337552, -2.598862
-0.02178581, -0.3101337, 0, 0.9504433
pose count:195
-7.434364, 0.7359768, -2.571649
-0.01144722, -0.2631029, 0, 0.9646999
pose count:196
-7.494085, 0.7303438, -2.504812
-0.002253587, -0.1709506, 0, 0.9852771
pose count:197
-7.51466, 0.7247151, -2.467156
-0.004838441, -0.1311456, 0, 0.9913513
pose count:198
-7.533476, 0.7195855, -2.42657
-0.004852908, -0.09770624, 0, 0.9952035
pose count:199
-7.577272, 0.7129036, -2.338817
-5.978536E-05, -0.05053814, 0, 0.9987221
pose count:200
-7.601224, 0.7240226, -2.301254
-0.001434256, -0.03651035, 0, 0.9993322
pose count:201
-7.621151, 0.7340179, -2.26405
-0.006414267, -0.01918579, 0, 0.9997954
pose count:202
-7.638099, 0.7374024, -2.227064
-0.006611564, 0.001827269, 0, 0.9999765
pose count:203
-7.658624, 0.7350907, -2.189412
-0.01179575, 0.02358791, 0, 0.9996522
pose count:204
-7.683342, 0.7326188, -2.151905
-0.01384364, 0.05107829, 0, 0.9985988
pose count:205
-7.712525, 0.7330189, -2.112316
-0.01439999, 0.08187012, 0, 0.996539
pose count:206
-7.749782, 0.7399502, -2.069812
-0.009551146, 0.113174, 0, 0.9935293
pose count:207
-7.787027, 0.7482637, -2.032948
-0.001710118, 0.1389247, 0, 0.9903015
pose count:208
-7.81601, 0.7499034, -1.999076
-0.002285323, 0.1641367, 0, 0.986435
pose count:209
-7.839224, 0.7475678, -1.967156
-0.01282584, 0.178853, 0, 0.9837922
pose count:210
-7.86441, 0.7498425, -1.935666
-0.02377266, 0.1842413, 0, 0.9825935
pose count:211
-7.885928, 0.7481607, -1.894947
-0.02829841, 0.1869935, 0, 0.9819535
pose count:212
-7.905762, 0.7465994, -1.841513
-0.02856174, 0.1842203, 0, 0.9824699
pose count:213
-7.919232, 0.7447845, -1.782462
-0.02371154, 0.1809753, 0, 0.9832018
pose count:214
-7.929576, 0.7479541, -1.714235
-0.02069445, 0.1771077, 0, 0.9839739
pose count:215
-7.936586, 0.7648401, -1.649713
-0.02155934, 0.1719459, 0, 0.9848705
pose count:216
-7.941941, 0.7807882, -1.592863
-0.02202814, 0.173163, 0, 0.9846468
pose count:217
-7.901826, 0.7831682, -1.60469
-0.01978092, 0.1785427, 0, 0.9837334
pose count:218
-7.901136, 0.7762675, -1.559432
-0.0236669, 0.182072, 0, 0.9830004
pose count:219
-7.897492, 0.7635462, -1.517916
-0.02555548, 0.1869405, 0, 0.9820388
pose count:220
-7.902811, 0.7629393, -1.457872
-0.02520083, 0.1938647, 0, 0.9807045
pose count:221
-7.909451, 0.763568, -1.398944
-0.0260572, 0.1997908, 0, 0.9794921
pose count:222
-7.913208, 0.7676374, -1.342854
-0.02697175, 0.2069952, 0, 0.9779701
pose count:223
-7.912165, 0.768914, -1.249285
-0.0231111, 0.2185835, 0, 0.9755446
pose count:224
-7.909034, 0.7681104, -1.199823
-0.02407394, 0.2168526, 0, 0.9759075
pose count:225
-7.89868, 0.7640655, -1.07659
-0.02221971, 0.1949805, 0, 0.9805554
pose count:226
-7.882895, 0.7687756, -1.004577
-0.0233756, 0.1757659, 0, 0.9841545
pose count:227
-7.862554, 0.7801443, -0.9391047
-0.02380093, 0.1574295, 0, 0.9872434
pose count:228
-7.842673, 0.7930046, -0.887544
-0.02571898, 0.1448885, 0, 0.9891137
pose count:229
-7.829019, 0.794868, -0.8400779
-0.0230424, 0.1380426, 0, 0.9901583
pose count:230
-7.819837, 0.7916402, -0.7904819
-0.02755544, 0.1319077, 0, 0.9908789
pose count:231
-7.815968, 0.7861386, -0.7387418
-0.03180968, 0.12821, 0, 0.9912368
pose count:232
-7.816154, 0.7783926, -0.6821865
-0.03401988, 0.1264482, 0, 0.9913897
pose count:233
-7.817211, 0.7758324, -0.6212953
-0.03820012, 0.1315999, 0, 0.9905667
pose count:234
-7.809436, 0.7783542, -0.5545725
-0.03755118, 0.1416553, 0, 0.9892036
pose count:235
-7.805695, 0.793848, -0.5024906
-0.03468832, 0.1567884, 0, 0.9870229
pose count:236
-7.803723, 0.7972401, -0.4539139
-0.02756144, 0.1618716, 0, 0.9864269
pose count:237
-7.804318, 0.7937751, -0.3969074
-0.03149012, 0.1599939, 0, 0.9866156
pose count:238
-7.80307, 0.7856562, -0.3451506
-0.03173954, 0.1541015, 0, 0.9875451
pose count:239
-7.798276, 0.7765527, -0.2848809
-0.02786698, 0.1449012, 0, 0.9890537
pose count:240
-7.790341, 0.7727565, -0.2191164
-0.0257822, 0.1323308, 0, 0.9908703
pose count:241
-7.774909, 0.7721608, -0.1411446
-0.02348075, 0.1183096, 0, 0.9926991
pose count:242
-7.75967, 0.7870068, -0.07475641
-0.02326581, 0.1076361, 0, 0.9939181
pose count:243
-7.725403, 0.796178, 0.03843305
-0.02218051, 0.1133795, 0, 0.9933041
pose count:244
-7.71265, 0.7846205, 0.100027
-0.0285615, 0.1167356, 0, 0.9927523
pose count:245
-7.709525, 0.7698516, 0.3273187
-0.03643078, 0.1302095, 0, 0.990817
pose count:246
-7.756633, 0.7919315, 0.6561381
-0.02840916, 0.07906712, 0, 0.9964644
pose count:247
-7.772852, 0.7982464, 0.8961057
-0.0392858, -0.03933951, 0, 0.9984533
pose count:248
-7.841386, 0.7770643, 1.068702
-0.0439584, -0.1299723, 0, 0.9905428
pose count:249
-7.93233, 0.7900488, 1.179307
-0.04670354, -0.1932918, 0, 0.9800291
pose count:250
-8.050422, 0.7714306, 1.144402
-0.0627711, -0.5873952, 0, 0.8068623
pose count:251
-8.069487, 0.7967008, 0.6634594
-0.08877183, -0.8356966, 0, 0.5419694
pose count:252
-8.06555, 0.8017446, 0.497382
0.1012493, 0.9056351, 0, -0.4117933
pose count:253
-8.068748, 0.8337008, 0.3448929
0.1489037, 0.9485053, 0, -0.2795808
pose count:254
-8.044918, 0.8100204, -0.0772254
0.09378885, 0.9723508, 0, -0.2138636
pose count:255
-8.107703, 0.8096229, -0.7283467
0.1829208, 0.9763578, 0, -0.1151755
pose count:256
-8.073985, 0.8256384, -1.08908
0.1213938, 0.9818584, 0, -0.1456624
pose count:257
-8.033081, 0.8149118, -1.500423
0.8960791, 0.4425446, 0, -0.03459103
pose count:258
-7.983378, 0.7892354, -1.757791
-0.6531539, 0.7552882, 0, 0.05412797
pose count:259
-7.949937, 0.7843099, -1.827515
-0.5869066, 0.8066619, 0, 0.06955004
pose count:260
-7.910298, 0.7900407, -1.894787
-0.4976237, 0.8629748, 0, 0.08743628
pose count:261
-7.874956, 0.8057951, -1.94557
-0.349865, 0.9310569, 0, 0.1035746
pose count:262
-7.841463, 0.8123587, -1.987353
-0.2700897, 0.9542175, 0, 0.1285321
pose count:263
-7.808357, 0.8123361, -2.025368
-0.2399428, 0.9574772, 0, 0.1602031
pose count:264
-7.77577, 0.8056239, -2.061353
-0.2150413, 0.9563746, 0, 0.1977495
pose count:265
-7.743663, 0.7993818, -2.101543
-0.1804485, 0.9542214, 0, 0.2385367
pose count:266
-7.714063, 0.7998211, -2.137967
-0.1526644, 0.9468009, 0, 0.2833047
pose count:267
-7.686252, 0.8058886, -2.176347
-0.1424514, 0.9349521, 0, 0.3249188
pose count:268
-7.665753, 0.8218927, -2.206209
-0.1466424, 0.9223983, 0, 0.3573198
pose count:269
-7.639567, 0.8251372, -2.233763
-0.1308441, 0.9147131, 0, 0.3823345
pose count:270
-7.611606, 0.824358, -2.258063
-0.1190374, 0.9071115, 0, 0.4037065
pose count:271
-7.573151, 0.8176696, -2.281519
-0.1129288, 0.8990047, 0, 0.4231285
pose count:272
-7.525728, 0.8085029, -2.306051
-0.1002637, 0.8924347, 0, 0.4398949
pose count:273
-7.468748, 0.8031197, -2.331548
-0.1028364, 0.8844, 0, 0.4552597
pose count:274
-7.400605, 0.8062036, -2.361376
-0.1060905, 0.8777168, 0, 0.4672879
pose count:275
-7.337159, 0.8256689, -2.384822
-0.09664039, 0.874495, 0, 0.4753095
pose count:276
-7.28102, 0.8429889, -2.403587
-0.08101642, 0.870712, 0, 0.4850742
pose count:277
-7.230572, 0.8498783, -2.417839
-0.07073688, 0.8648009, 0, 0.4971074
pose count:278
-7.173907, 0.8427498, -2.446079
-0.05966959, 0.8573521, 0, 0.5112602
pose count:279
-7.118083, 0.8376195, -2.476355
-0.05092382, 0.8479143, 0, 0.5276819
pose count:280
-7.058145, 0.8389444, -2.502625
-0.04360227, 0.8360423, 0, 0.5469297
pose count:281
-6.994271, 0.8445953, -2.533012
-0.03688106, 0.822072, 0, 0.5681878
pose count:282
-6.932396, 0.8588032, -2.564322
-0.03855132, 0.8085196, 0, 0.5872052
pose count:283
-6.881289, 0.8749988, -2.594674
-0.036774, 0.8001189, 0, 0.5987132
pose count:284
-6.83252, 0.8795701, -2.620445
-0.02523665, 0.796357, 0, 0.6043001
pose count:285
-6.778663, 0.874463, -2.646156
-0.02394955, 0.79401, 0, 0.6074327
pose count:286
-6.724854, 0.8648626, -2.66635
-0.02096959, 0.7934674, 0, 0.6082514
pose count:287
-6.654763, 0.8531603, -2.682397
-0.01888598, 0.7935779, 0, 0.6081755
pose count:288
-6.586167, 0.8435702, -2.695691
-0.02752794, 0.7930493, 0, 0.6085352
pose count:289
-6.509861, 0.847423, -2.707508
-0.03534954, 0.7909221, 0, 0.6108949
pose count:290
-6.47425, 0.8686436, -2.703945
-0.02758785, 0.7919759, 0, 0.6099288
pose count:291
-6.432644, 0.8827025, -2.706887
-0.01770935, 0.7909021, 0, 0.6116863
pose count:292
-6.376209, 0.8848571, -2.71294
-0.02058114, 0.7859519, 0, 0.617945
pose count:293
-6.324597, 0.8782042, -2.716559
-0.02945878, 0.7749934, 0, 0.6312824
pose count:294
-6.267491, 0.8693275, -2.724619
-0.03253266, 0.7603792, 0, 0.6486641
pose count:295
-6.205714, 0.8645148, -2.735796
-0.0310306, 0.7410433, 0, 0.6707399
pose count:296
-6.0967, 0.8582194, -2.764459
-0.0548702, 0.6965966, 0, 0.7153618
pose count:297
-6.057969, 0.8581389, -2.774271
-0.05809662, 0.6767467, 0, 0.7339201
pose count:298
-6.025026, 0.8519413, -2.776253
-0.05267433, 0.6606135, 0, 0.7488759
pose count:299
-5.994984, 0.8411967, -2.772905
-0.05124011, 0.6413106, 0, 0.7655686
pose count:300
-5.963994, 0.831789, -2.763099
-0.04794496, 0.6211342, 0, 0.7822363
pose count:301
-5.9339, 0.8246694, -2.747658
-0.04596959, 0.5998716, 0, 0.7987747
pose count:302
-5.871262, 0.8164411, -2.705359
-0.05120542, 0.5557985, 0, 0.8297385
pose count:303
-5.840014, 0.8203324, -2.685107
-0.05099737, 0.5385751, 0, 0.8410328
pose count:304
-5.815043, 0.8303635, -2.671485
-0.04171216, 0.5209277, 0, 0.8525811
pose count:305
-5.775979, 0.8315356, -2.658128
-0.04113753, 0.4790154, 0, 0.8768421
pose count:306
-5.755903, 0.825758, -2.662873
-0.04173879, 0.455282, 0, 0.8893684
pose count:307
-5.735987, 0.8250349, -2.675091
-0.04217761, 0.4280646, 0, 0.9027634
pose count:308
-5.715135, 0.8264367, -2.695436
-0.04439035, 0.401593, 0, 0.9147418
pose count:309
-5.694994, 0.8269936, -2.719601
-0.04339719, 0.3779715, 0, 0.9247996
pose count:310
-5.658729, 0.8219841, -2.751416
-0.03834637, 0.3509054, 0, 0.9356254
pose count:311
-5.636022, 0.8269423, -2.758982
-0.03458814, 0.3485339, 0, 0.9366578
pose count:312
-5.613472, 0.8383067, -2.757865
-0.02918321, 0.3479037, 0, 0.937076
pose count:313
-5.592556, 0.8478385, -2.749813
-0.02577797, 0.3472138, 0, 0.9374316
pose count:314
-5.566219, 0.8571969, -2.73572
-0.02375235, 0.3498111, 0, 0.9365191
pose count:315
-5.536102, 0.8679236, -2.71736
-0.02035999, 0.3561259, 0, 0.9342161
pose count:316
-5.470799, 0.893505, -2.674154
-0.02209413, 0.3767624, 0, 0.9260464
pose count:317
-5.436406, 0.9054137, -2.654754
-0.01700592, 0.3916399, 0, 0.9199614
pose count:318
-5.404081, 0.9122587, -2.639741
-0.0154317, 0.4056246, 0, 0.9139095
pose count:319
-5.37007, 0.913482, -2.632134
-0.01703828, 0.4168585, 0, 0.9088117
pose count:320
-5.291478, 0.918803, -2.6307
-0.01216336, 0.4344811, 0, 0.9005988
pose count:321
-5.24772, 0.9243653, -2.63437
-0.01148169, 0.4359656, 0, 0.8998901
pose count:322
-5.202154, 0.9285965, -2.642828
-0.01450222, 0.4346917, 0, 0.9004626
pose count:323
-4.976442, 0.9236935, -2.689211
-0.02695419, 0.453025, 0, 0.8910903
pose count:324
-4.895062, 0.9044014, -2.675518
-0.0178207, 0.4681617, 0, 0.8834631
pose count:325
-4.814121, 0.8897889, -2.640006
-0.02552855, 0.4820934, 0, 0.8757479
pose count:326
-4.698404, 0.8677168, -2.60706
-0.02411379, 0.5159572, 0, 0.8562749
pose count:327
-4.601668, 0.8432864, -2.62362
-0.02541649, 0.5329484, 0, 0.8457659
pose count:328
-4.530768, 0.8386075, -2.665138
-0.0325883, 0.5253418, 0, 0.8502671
pose count:329
-4.437511, 0.8509569, -2.733449
-0.04225054, 0.5228485, 0, 0.8513779
pose count:330
-4.332897, 0.8575698, -2.757531
-0.0367267, 0.5479332, 0, 0.8357155
pose count:331
-4.24703, 0.8466255, -2.743235
-0.0393334, 0.5605336, 0, 0.8271971
pose count:332
-4.148956, 0.8571602, -2.728339
-0.04412925, 0.5852242, 0, 0.8096699
pose count:333
-4.104677, 0.8625772, -2.726924
-0.03853149, 0.5997987, 0, 0.7992227
pose count:334
-4.022572, 0.8650892, -2.737179
-0.03929229, 0.6197097, 0, 0.7838469
pose count:335
-3.981778, 0.8689952, -2.746636
-0.03726384, 0.6240863, 0, 0.7804663
pose count:336
-3.944101, 0.8756382, -2.757815
-0.03571625, 0.6205372, 0, 0.7833632
pose count:337
-3.909568, 0.8852218, -2.77276
-0.03387634, 0.611263, 0, 0.7907022
pose count:338
-3.873386, 0.8906654, -2.790217
-0.03479475, 0.5987516, 0, 0.8001786
pose count:339
-3.84072, 0.8958382, -2.811902
-0.04281688, 0.5869577, 0, 0.8084847
pose count:340
-3.752689, 0.8889903, -2.852989
-0.04314859, 0.5675781, 0, 0.8221881
pose count:341
-3.723123, 0.8878883, -2.854647
-0.04147293, 0.5603035, 0, 0.8272485
pose count:342
-3.663563, 0.8770623, -2.839601
-0.03561491, 0.5364686, 0, 0.8431685
pose count:343
-3.633208, 0.8736159, -2.821571
-0.03690563, 0.519291, 0, 0.8538002
pose count:344
-3.603273, 0.8714154, -2.797268
-0.04290588, 0.5013305, 0, 0.8641915
pose count:345
-3.565918, 0.8832926, -2.747802
-0.04548774, 0.4629241, 0, 0.88523
pose count:346
-3.558426, 0.8873771, -2.726781
-0.0435729, 0.4386827, 0, 0.897585
pose count:347
-3.542903, 0.9048302, -2.683849
-0.03950959, 0.2113907, 0, 0.9766028
pose count:348
-3.534546, 0.9022515, -2.700682
-0.04014795, 0.1357069, 0, 0.9899352
pose count:349
-3.539005, 0.8954822, -2.701788
-0.03358642, 0.07626122, 0, 0.9965221
pose count:350
-3.573578, 0.8976073, -2.695353
-0.02852, 0.01119727, 0, 0.9995305
pose count:351
-3.615279, 0.8870001, -2.678234
-0.03243481, -0.04302476, 0, 0.9985474
pose count:352
-3.633815, 0.8876377, -2.670286
-0.03577265, -0.06545971, 0, 0.9972138
pose count:353
-3.691989, 0.8967065, -2.675484
-0.02887929, -0.1378552, 0, 0.9900313
pose count:354
-3.701758, 0.8968344, -2.6801
-0.02985238, -0.1640795, 0, 0.9859954
pose count:355
-3.705644, 0.8985423, -2.688445
-0.03083119, -0.1931834, 0, 0.9806781
pose count:356
-3.704827, 0.9042327, -2.719041
-0.0310401, -0.2658787, 0, 0.9635066
pose count:357
-3.632989, 0.9158028, -2.73182
-0.0160365, -0.3195496, 0, 0.9474339
pose count:358
-3.615868, 0.9165798, -2.688957
-0.01680438, -0.2622388, 0, 0.9648567
pose count:359
-3.608277, 0.9143251, -2.663107
-0.01568375, -0.2233236, 0, 0.9746182
pose count:360
-3.597518, 0.9128818, -2.621243
-0.01253469, -0.1512714, 0, 0.9884128
pose count:361
-3.587578, 0.9095005, -2.577091
-0.0200587, -0.03331105, 0, 0.9992437
pose count:362
-3.566887, 0.9208361, -2.561504
-0.01951925, 0.03458346, 0, 0.9992112
pose count:363
-3.521662, 0.9140617, -2.54937
-0.01819905, 0.09162781, 0, 0.995627
pose count:364
-3.49064, 0.910643, -2.544925
-0.01779756, 0.123486, 0, 0.9921867
pose count:365
-3.456833, 0.906525, -2.544362
-0.01858963, 0.1538237, 0, 0.9879234
pose count:366
-3.361476, 0.8900976, -2.572082
-0.02313245, 0.2182248, 0, 0.9756243
pose count:367
-3.329996, 0.887458, -2.587684
-0.02189768, 0.2330064, 0, 0.9722286
pose count:368
-3.264298, 0.8732101, -2.623795
-0.02230133, 0.2593355, 0, 0.9655298
pose count:369
-3.192817, 0.8598435, -2.665789
-0.02479501, 0.2875805, 0, 0.9574355
pose count:370
-3.082842, 0.8512155, -2.713384
-0.0273913, 0.3519389, 0, 0.9356222
pose count:371
-2.98923, 0.8494146, -2.73394
-0.02439643, 0.4236895, 0, 0.9054789
pose count:372
-2.939337, 0.8479491, -2.742519
-0.02581681, 0.4600278, 0, 0.8875291
pose count:373
-2.833598, 0.8567262, -2.750242
-0.03135087, 0.5307566, 0, 0.8469443
pose count:374
-2.782028, 0.869651, -2.754286
-0.03321093, 0.5620028, 0, 0.8264683
pose count:375
-2.733101, 0.8845167, -2.761675
-0.03228374, 0.5923457, 0, 0.8050369
pose count:376
-2.686717, 0.8977808, -2.772958
-0.0281327, 0.6196914, 0, 0.7843413
pose count:377
-2.600968, 0.9172058, -2.801458
-0.02752979, 0.6561087, 0, 0.7541642
pose count:378
-2.557084, 0.9215717, -2.816443
-0.02539496, 0.6649439, 0, 0.7464615
pose count:379
-2.510127, 0.9231982, -2.832194
-0.02359742, 0.6669815, 0, 0.7447006
pose count:380
-2.46179, 0.9249406, -2.84748
-0.02406738, 0.6606347, 0, 0.7503216
pose count:381
-2.407102, 0.9306893, -2.866409
-0.0243769, 0.6488672, 0, 0.760511
pose count:382
-2.35242, 0.9432069, -2.887819
-0.02913453, 0.6332299, 0, 0.7734152
pose count:383
-2.298698, 0.9553813, -2.912408
-0.03927625, 0.62072, 0, 0.7830479
pose count:384
-2.24269, 0.9593138, -2.933854
-0.03984849, 0.6166493, 0, 0.7862288
pose count:385
-2.191007, 0.9598782, -2.947176
-0.03303143, 0.6133343, 0, 0.7891325
pose count:386
-2.139333, 0.95754, -2.94769
-0.03253993, 0.6074941, 0, 0.7936574
pose count:387
-2.087711, 0.9512617, -2.951049
-0.03011543, 0.6020635, 0, 0.7978801
pose count:388
-2.041503, 0.9442158, -2.919462
-0.02915497, 0.5966422, 0, 0.8019776
pose count:389
-1.998732, 0.9385864, -2.88679
-0.03494119, 0.5902566, 0, 0.8064591
pose count:390
-1.948012, 0.9477223, -2.856556
-0.04291444, 0.5832925, 0, 0.8111278
pose count:391
-1.847485, 0.9690116, -2.820757
-0.0314824, 0.5739147, 0, 0.8183097
pose count:392
-1.803007, 0.9681016, -2.802525
-0.03078441, 0.5641089, 0, 0.8251263
pose count:393
-1.760703, 0.9632788, -2.784763
-0.02721574, 0.549733, 0, 0.8348969
pose count:394
-1.715379, 0.9555472, -2.765058
-0.02265872, 0.5287235, 0, 0.8484916
pose count:395
-1.553197, 0.9603114, -2.716675
-0.03740591, 0.4510588, 0, 0.89171
pose count:396
-1.501029, 0.9644133, -2.699661
-0.03634509, 0.4365186, 0, 0.8989608
pose count:397
-1.451868, 0.9633103, -2.67641
-0.03179207, 0.4231946, 0, 0.9054809
pose count:398
-1.410356, 0.9509116, -2.643692
-0.03297884, 0.4108602, 0, 0.9111017
pose count:399
-1.361894, 0.9402625, -2.602545
-0.02988989, 0.4027228, 0, 0.9148338
pose count:400
-1.312659, 0.9333993, -2.550879
-0.03037955, 0.399058, 0, 0.9164223
pose count:401
-1.254898, 0.932081, -2.488036
-0.03342175, 0.3977263, 0, 0.9168952
pose count:402
-1.203986, 0.9487805, -2.431973
-0.03493365, 0.4006753, 0, 0.9155539
pose count:403
-1.163421, 0.9668644, -2.383708
-0.02833748, 0.3982526, 0, 0.916838
pose count:404
-1.088149, 0.9779697, -2.28998
-0.0180889, 0.3777892, 0, 0.9257149
pose count:405
-1.05417, 0.9707683, -2.241901
-0.01351787, 0.3551717, 0, 0.9347034
pose count:406
-1.015229, 0.9684749, -2.192016
-0.008162426, 0.3242795, 0, 0.9459261
pose count:407
-0.9271373, 0.9801717, -2.101073
-0.02144982, 0.2692834, 0, 0.9628221
pose count:408
-0.8843336, 0.985829, -2.058743
-0.019742, 0.2549587, 0, 0.9667504
pose count:409
-0.8505172, 0.9848852, -2.020886
-0.01387539, 0.2438618, 0, 0.9697108
pose count:410
-0.8120721, 0.9749538, -1.968003
-0.01607685, 0.2346401, 0, 0.9719494
pose count:411
-0.7440235, 0.9526756, -1.84245
-0.01443136, 0.2262783, 0, 0.9739558
pose count:412
-0.7075924, 0.951032, -1.763315
-0.01849338, 0.2251191, 0, 0.9741557
pose count:413
-0.63821, 0.9727032, -1.632853
-0.01709893, 0.2297337, 0, 0.9731033
pose count:414
-0.6090581, 0.9738024, -1.573461
-0.01381206, 0.2261774, 0, 0.9739882
pose count:415
-0.5790851, 0.9681804, -1.509195
-0.01150923, 0.2157455, 0, 0.9763818
pose count:416
-0.552556, 0.9590628, -1.447899
-0.01093514, 0.1986375, 0, 0.9800121
pose count:417
-0.5239547, 0.9556884, -1.377311
-0.01387713, 0.1721148, 0, 0.9849792
pose count:418
-0.4922435, 0.9642, -1.303253
-0.01770831, 0.1457971, 0, 0.9891561
pose count:419
-0.4619352, 0.9794981, -1.241646
-0.01960473, 0.1327526, 0, 0.9909554
pose count:420
-0.4336034, 0.9826041, -1.17535
-0.01593404, 0.1245527, 0, 0.992085
pose count:421
-0.4063904, 0.9796338, -1.106923
-0.01879769, 0.119677, 0, 0.992635
pose count:422
-0.3864747, 0.9700893, -1.037363
-0.01728315, 0.1166928, 0, 0.9930177
pose count:423
-0.3678466, 0.9597759, -0.954581
-0.01829724, 0.1156753, 0, 0.9931186
pose count:424
-0.3518034, 0.9573923, -0.8622949
-0.02369074, 0.1156471, 0, 0.9930078
pose count:425
-0.3423221, 0.9728094, -0.7805298
-0.02621326, 0.1134444, 0, 0.9931985
pose count:426
-0.3351995, 0.9859082, -0.7073114
-0.02289323, 0.1029082, 0, 0.9944274
pose count:427
-0.3289673, 0.9887288, -0.6348367
-0.02193219, 0.08797021, 0, 0.9958816
pose count:428
-0.3215301, 0.9846767, -0.5651854
-0.01793419, 0.06760947, 0, 0.9975507
pose count:429
-0.3113731, 0.9791196, -0.49466
-0.01687262, 0.03994574, 0, 0.9990594
pose count:430
-0.2880268, 0.9834122, -0.354468
-0.02684153, -0.02948299, 0, 0.9992048
