quad total count:15
quad count:0
-0.1618937, 2.462824, -0.4293787
-2.027257, 2.461096, -0.4293787
-2.027257, 2.461096, 1.570621
-0.1618937, 2.462824, 1.570621
quad count:1
-4.025407, 3.253179, -0.4293787
-4.015365, 1.12087, -0.4293787
-4.015365, 1.12087, 1.570621
-4.025407, 3.253179, 1.570621
quad count:2
-0.2586414, 5.750131, -0.4293787
-0.075622, 2.285528, -0.4293787
-0.075622, 2.285528, 1.570621
-0.2586414, 5.750131, 1.570621
quad count:3
0.1138866, 5.773138, -0.4293787
-1.991692, 5.660498, -0.4293787
-1.991692, 5.660498, 1.570621
0.1138866, 5.773138, 1.570621
quad count:4
-1.711767, 7.671221, -0.4293787
-1.856423, 5.575861, -0.4293787
-1.856423, 5.575861, 1.570621
-1.711767, 7.671221, 1.570621
quad count:5
0.9161029, 9.085036, -0.4293787
-3.303226, 9.072094, -0.4293787
-3.303226, 9.072094, 1.570621
0.9161029, 9.085036, 1.570621
quad count:6
3.929272, 8.191329, -0.4293787
-0.6253433, 6.5819, -0.4293787
-0.6253433, 6.5819, 1.570621
3.929272, 8.191329, 1.570621
quad count:7
2.736781, 10.13368, -0.4293787
2.650737, 7.167753, -0.4293787
2.650737, 7.167753, 1.570621
2.736781, 10.13368, 1.570621
quad count:8
3.168093, 9.916761, -0.4293787
3.767643, 6.854144, -0.4293787
3.767643, 6.854144, 1.570621
3.168093, 9.916761, 1.570621
quad count:9
3.187788, 10.05852, -0.4293787
0.9672513, 10.88775, -0.4293787
0.9672513, 10.88775, 1.570621
3.187788, 10.05852, 1.570621
quad count:10
-3.49563, 9.42085, -0.4293787
-3.731887, 3.762352, -0.4293787
-3.731887, 3.762352, 1.570621
-3.49563, 9.42085, 1.570621
quad count:11
-2.003405, 2.598238, -0.4293787
-2.009673, 2.01807, -0.4293787
-2.009673, 2.01807, 1.570621
-2.003405, 2.598238, 1.570621
quad count:12
-2.483615, -0.7452884, -0.4293787
-3.286781, -0.6513796, -0.4293787
-3.286781, -0.6513796, 1.570621
-2.483615, -0.7452884, 1.570621
quad count:13
2.316467, -0.8330821, -0.4293787
-1.345131, -0.6706773, -0.4293787
-1.345131, -0.6706773, 1.570621
2.316467, -0.8330821, 1.570621
quad count:14
1.265702, 1.875553, -0.4293787
1.542402, 1.315607, -0.4293787
1.542402, 1.315607, 1.570621
1.265702, 1.875553, 1.570621
